# OP-PIC CabanaPIC / VPIC

1 0 Accumulate_Current          1000    0.5306703920    0.5306703920    0       0       0       0       0
1 0 Adv_E                       1000    0.5012985200    0.5012985200    0       0       0       0       0
1 0 HalfAdv_B                   2000    0.7304275380    0.7304275380    0       0       0       0       0
1 0 Interpolate                 1000    0.4317629700    0.4317629700    0       0       0       0       0
1 0 MainLoop                    1       6.3142791520    6.3142791520    0       0       0       0       0
1 0 Move                        1000    3.0071212050    3.0071212050    0       0       0       0       0
1 0 Setup                       1       0.0005198070    0.0005198070    0       0       0       0       0


1 0 Accumulate_Current          1000    0.0589746310    0.0589746310    0       0       0       0       0
1 0 Adv_E                       1000    0.0480308700    0.0480308700    0       0       0       0       0
1 0 HalfAdv_B                   2000    0.0564531650    0.0564531650    0       0       0       0       0
1 0 Interpolate                 1000    0.0586109930    0.0586109930    0       0       0       0       0
1 0 MainLoop                    1       2.5428461820    2.5428461820    0       0       0       0       0
1 0 Move                        1000    1.3717616170    1.3717616170    0       0       0       0       0
1 0 Setup                       1       0.0010079460    0.0010079460    0       0       0       0       0